0 0.119050 0.667460 0.234920 0.109520
0 0.907935 0.397620 0.098410 0.134920
0 0.950795 0.516670 0.098410 0.134920
0 0.476985 0.326190 0.055550 0.169840
0 0.942855 0.937300 0.114290 0.125400
0 0.874605 0.923810 0.076190 0.149200
0 0.941270 0.870635 0.117460 0.061910
0 0.893650 0.768255 0.212700 0.079370
0 0.842060 0.693650 0.239680 0.066660
0 0.801585 0.619840 0.184130 0.042860
0 0.785715 0.878570 0.079370 0.239680
0 0.684125 0.850715 0.101590 0.298570
0 0.687300 0.783335 0.082540 0.179370
0 0.614290 0.798415 0.117460 0.263490
0 0.710320 0.650795 0.157140 0.101590
0 0.584920 0.639680 0.049200 0.117460
0 0.672225 0.590475 0.150790 0.038090
0 0.622220 0.538095 0.142860 0.031750
0 0.605555 0.504760 0.080950 0.038100
0 0.846825 0.282540 0.077770 0.107940
0 0.812700 0.384920 0.050800 0.182540
0 0.754765 0.293650 0.084130 0.171420
0 0.723015 0.350000 0.090470 0.242860
0 0.654760 0.394445 0.042860 0.192070
0 0.659525 0.281745 0.046030 0.084130
0 0.588095 0.387305 0.068250 0.180950
0 0.584045 0.416670 0.085870 0.122220
0 0.551505 0.381745 0.071590 0.150790
0 0.519050 0.383330 0.069840 0.125400
0 0.458730 0.491270 0.114280 0.039680
0 0.446030 0.446825 0.114280 0.042850
0 0.408730 0.405555 0.077780 0.049210
0 0.392855 0.369045 0.138090 0.071430
0 0.876985 0.546830 0.179370 0.182540
0 0.498415 0.264285 0.079370 0.093650
0 0.422220 0.260320 0.069840 0.187300
0 0.342860 0.209520 0.104760 0.269840
0 0.265870 0.419050 0.239680 0.092060
0 0.200000 0.377775 0.250800 0.133330
0 0.126190 0.311030 0.230160 0.130320
0 0.231750 0.173810 0.130160 0.195240
0 0.075395 0.234125 0.138090 0.084130
0 0.066670 0.146030 0.130160 0.133340
0 0.112700 0.118255 0.120640 0.188890
0 0.492040 0.670635 0.069880 0.211110
0 0.461825 0.711905 0.082690 0.249210
0 0.397620 0.780160 0.068260 0.249200
0 0.278575 0.830950 0.080950 0.252380
0 0.186510 0.851590 0.074600 0.230160
0 0.103970 0.888015 0.074600 0.214450
0 0.048415 0.852380 0.096830 0.117460
0 0.075400 0.768255 0.147620 0.063490
0 0.442855 0.549205 0.063490 0.079370
0 0.394445 0.521430 0.115870 0.144440
0 0.287300 0.561905 0.209520 0.139690
0 0.211905 0.611110 0.271430 0.117460
