0 0.881333 0.060363 0.227800 0.101581
0 0.243083 0.074658 0.281033 0.130171
0 0.393517 0.896795 0.099033 0.092222
0 0.236900 0.944423 0.219133 0.108077
0 0.932000 0.909551 0.136000 0.180897
0 0.737700 0.929316 0.212933 0.141368
0 0.959850 0.689744 0.080300 0.261880
0 0.778567 0.750791 0.222867 0.269957
0 0.929600 0.373013 0.136200 0.079530
0 0.823133 0.322286 0.066867 0.174573
0 0.805183 0.434979 0.035900 0.136538
0 0.907933 0.495299 0.132467 0.085726
0 0.893700 0.194509 0.170867 0.230128
0 0.116800 0.526175 0.221600 0.233462
0 0.164467 0.376966 0.230267 0.230342
0 0.186733 0.211154 0.242667 0.177778
