0 0.965641 0.815664 0.068719 0.093328
0 0.044617 0.154711 0.085703 0.169516
0 0.212234 0.150906 0.196188 0.169531
0 0.460812 0.157570 0.232375 0.156203
0 0.737953 0.146141 0.222844 0.163812
0 0.933266 0.158523 0.133469 0.154297
0 0.056117 0.376617 0.112234 0.137141
0 0.235094 0.384242 0.207625 0.137141
0 0.490336 0.381383 0.226672 0.112391
0 0.761766 0.391859 0.201906 0.121906
0 0.953266 0.394711 0.093469 0.108578
0 0.071289 0.609000 0.139047 0.144750
0 0.289375 0.618523 0.243813 0.106672
0 0.547477 0.588047 0.177141 0.156187
0 0.777000 0.589000 0.179063 0.146656
0 0.949453 0.597570 0.101094 0.110484
0 0.037070 0.810906 0.074141 0.163812
0 0.240813 0.800430 0.245719 0.089516
0 0.488430 0.812805 0.215234 0.106672
0 0.758906 0.807094 0.280000 0.095250
