0 0.679406 0.788646 0.022484 0.033569
0 0.722570 0.254597 0.177156 0.222056
0 0.522031 0.250597 0.169969 0.233250
0 0.318348 0.256993 0.172664 0.252764
0 0.098922 0.258597 0.185250 0.262028
0 0.914117 0.250604 0.162766 0.230375
0 0.744152 0.795049 0.047664 0.033569
0 0.755352 0.825340 0.059438 0.039819
0 0.675359 0.813271 0.061156 0.041569
0 0.668617 0.848521 0.054859 0.054208
0 0.671312 0.910792 0.053062 0.044778
0 0.774687 0.890090 0.092719 0.044931
0 0.669965 0.961229 0.077336 0.062181
0 0.767039 0.961229 0.084625 0.033736
0 0.874102 0.889285 0.084531 0.152042
0 0.922215 0.842125 0.035070 0.194889
0 0.963129 0.872424 0.073742 0.127903
0 0.697844 0.764667 0.034172 0.023972
0 0.719832 0.771778 0.038758 0.051000
0 0.522031 0.872500 0.178953 0.249556
0 0.335430 0.930938 0.133094 0.119903
0 0.273379 0.858111 0.077336 0.204472
0 0.103418 0.875701 0.190648 0.233569
0 0.899281 0.623819 0.039563 0.164667
0 0.870504 0.536771 0.068352 0.201597
0 0.952340 0.531090 0.071945 0.209431
0 0.914566 0.466431 0.028773 0.128056
0 0.523383 0.567868 0.178062 0.295764
0 0.312902 0.563153 0.181742 0.321500
0 0.152387 0.614313 0.087320 0.152042
0 0.055758 0.642201 0.100719 0.134292
0 0.093523 0.502396 0.115109 0.180819
