0 0.798038 0.857101 0.041561 0.055551
0 0.850190 0.881708 0.062743 0.111101
0 0.824114 0.776955 0.091055 0.057146
0 0.645960 0.303933 0.226519 0.139685
0 0.448586 0.328528 0.168523 0.122225
0 0.520854 0.234888 0.130992 0.192067
0 0.756319 0.903135 0.041878 0.058719
0 0.733291 0.955528 0.064093 0.074607
0 0.687764 0.942820 0.047848 0.074584
0 0.793565 0.949169 0.047848 0.090472
0 0.786783 0.884090 0.034283 0.046022
0 0.684040 0.880124 0.031160 0.050809
0 0.647521 0.904719 0.056477 0.049213
0 0.619958 0.934090 0.076160 0.063506
0 0.541730 0.945202 0.053797 0.053955
0 0.543956 0.904730 0.061245 0.052382
0 0.593217 0.865831 0.058122 0.066674
0 0.739916 0.694404 0.086287 0.095236
0 0.841255 0.700764 0.130992 0.085708
0 0.929873 0.873775 0.102785 0.139685
0 0.891835 0.799169 0.089409 0.076180
0 0.694473 0.772989 0.195359 0.290472
0 0.517880 0.803135 0.161076 0.287303
0 0.395759 0.688067 0.295063 0.155551
0 0.729420 0.622180 0.315928 0.150787
0 0.654230 0.499966 0.174494 0.252382
0 0.444114 0.548371 0.254684 0.212697
