0 0.219176 0.684191 0.113620 0.179362
0 0.501953 0.956766 0.211219 0.086468
0 0.832849 0.865936 0.180466 0.241234
0 0.723244 0.908000 0.169785 0.131745
0 0.090824 0.246085 0.057491 0.223830
0 0.201810 0.223872 0.193871 0.223830
0 0.283943 0.454043 0.336774 0.300000
0 0.044409 0.573851 0.088817 0.279362
0 0.132957 0.646106 0.189857 0.157149
0 0.172384 0.818596 0.290143 0.362809
0 0.534713 0.689745 0.290143 0.358723
0 0.799427 0.621489 0.389032 0.482553
0 0.780036 0.204830 0.401075 0.303191
0 0.565448 0.469809 0.244659 0.243021
0 0.677778 0.225447 0.217921 0.312681
0 0.409695 0.211170 0.414444 0.344468
