0 0.437896 0.067530 0.100427 0.095223
0 0.152820 0.071073 0.065762 0.142146
0 0.067957 0.063563 0.120732 0.125425
0 0.030686 0.492045 0.061372 0.233482
0 0.338034 0.807935 0.175823 0.297004
0 0.141463 0.688077 0.112378 0.222389
0 0.061372 0.674676 0.114756 0.090486
0 0.309390 0.287389 0.156585 0.169838
0 0.140869 0.272206 0.230701 0.393806
0 0.963994 0.203178 0.072012 0.125547
0 0.885549 0.169899 0.135061 0.122227
0 0.867027 0.073097 0.133872 0.141255
0 0.646479 0.100789 0.194848 0.143036
0 0.508430 0.141356 0.086067 0.169838
0 0.752271 0.108806 0.212774 0.206356
0 0.938674 0.487308 0.122043 0.370000
0 0.798887 0.283421 0.196006 0.161903
0 0.748674 0.508725 0.227104 0.441417
0 0.062363 0.942065 0.124726 0.079514
0 0.224482 0.900789 0.142378 0.165223
0 0.102607 0.851660 0.185274 0.085749
0 0.519116 0.644433 0.205732 0.389028
0 0.491631 0.488178 0.148323 0.123806
0 0.413994 0.607935 0.057378 0.331903
0 0.266372 0.607146 0.285671 0.441417
0 0.553796 0.352368 0.248750 0.246194
0 0.326677 0.147267 0.265488 0.294534
