0 0.309098 0.389633 0.135566 0.146204
0 0.388777 0.288898 0.104648 0.153959
0 0.269847 0.207959 0.190275 0.290449
0 0.815734 0.565102 0.080887 0.093633
0 0.911437 0.528592 0.177125 0.201592
0 0.825229 0.773041 0.214067 0.344449
0 0.951865 0.659551 0.096269 0.142857
0 0.939969 0.138898 0.120061 0.250776
0 0.144388 0.232551 0.112997 0.165102
0 0.138440 0.735735 0.198593 0.190490
0 0.331101 0.866673 0.158165 0.173020
0 0.353104 0.765898 0.121315 0.184122
0 0.711667 0.742082 0.127248 0.288898
0 0.562416 0.627796 0.085627 0.149224
0 0.585015 0.764306 0.092783 0.155551
0 0.468471 0.742878 0.195046 0.277755
0 0.820489 0.118265 0.088012 0.123796
0 0.821682 0.491286 0.059450 0.133347
0 0.425657 0.496776 0.154618 0.414449
0 0.537416 0.207918 0.304373 0.293551
0 0.478563 0.089633 0.136758 0.168408
0 0.820489 0.292878 0.190275 0.307959
0 0.704541 0.525408 0.189083 0.192041
0 0.211590 0.488041 0.240245 0.304898
