0 0.880749 0.804272 0.169726 0.380949
0 0.657996 0.771656 0.184768 0.456688
0 0.672278 0.541414 0.133333 0.255232
0 0.503692 0.639504 0.196414 0.432384
0 0.446466 0.598555 0.082089 0.083819
0 0.185559 0.830939 0.166013 0.331414
0 0.336086 0.805222 0.150485 0.325717
0 0.257985 0.680464 0.100949 0.251435
0 0.685506 0.064040 0.110675 0.128080
0 0.935032 0.154747 0.091624 0.266667
0 0.099947 0.340464 0.199895 0.523797
0 0.256930 0.382363 0.186857 0.455232
0 0.449420 0.180464 0.350485 0.291435
0 0.579895 0.228080 0.055232 0.188565
0 0.658945 0.229989 0.137131 0.230485
0 0.863608 0.073797 0.135443 0.131435
0 0.776899 0.776709 0.122152 0.356287
