0 0.881923 0.670613 0.177041 0.450791
0 0.975118 0.103557 0.049763 0.207115
0 0.731627 0.234091 0.142604 0.425415
0 0.829053 0.225375 0.199586 0.382530
0 0.945488 0.219012 0.085533 0.322213
0 0.439349 0.646798 0.199586 0.352411
0 0.549837 0.732510 0.235237 0.511107
0 0.726879 0.665850 0.178195 0.415889
0 0.963240 0.517431 0.073521 0.265059
0 0.166672 0.370593 0.193639 0.177787
0 0.221923 0.545217 0.078402 0.225375
0 0.198151 0.638063 0.289911 0.395257
0 0.341331 0.216640 0.207929 0.425375
0 0.363299 0.233300 0.232870 0.436482
0 0.584305 0.249980 0.218609 0.473004
