0 0.694774 0.919872 0.199303 0.160256
0 0.362160 0.704808 0.144948 0.561923
0 0.635871 0.140534 0.112578 0.112692
0 0.756237 0.069893 0.094495 0.139701
0 0.970418 0.070705 0.056934 0.131752
0 0.869477 0.110385 0.152683 0.207949
0 0.813815 0.481731 0.315784 0.220812
0 0.945087 0.828632 0.109826 0.127009
0 0.449530 0.660385 0.324843 0.203162
0 0.459216 0.465919 0.155296 0.331752
0 0.715470 0.312756 0.129408 0.330128
0 0.540749 0.037329 0.119059 0.074658
0 0.365383 0.115150 0.200592 0.195256
0 0.043902 0.306410 0.087805 0.212735
0 0.116934 0.131774 0.223972 0.263547
0 0.124129 0.511966 0.248258 0.179402
0 0.129321 0.746880 0.258641 0.500000
