0 0.367838 0.848987 0.191878 0.283797
0 0.639008 0.852579 0.279367 0.294842
0 0.762816 0.768038 0.435549 0.217152
0 0.673924 0.566139 0.516835 0.419051
0 0.463766 0.673750 0.152384 0.649525
0 0.115190 0.372785 0.224768 0.740949
0 0.650432 0.159462 0.446983 0.314304
0 0.710749 0.364241 0.565084 0.148734
0 0.626941 0.170680 0.420338 0.341361
0 0.200770 0.428972 0.399008 0.270475
0 0.233228 0.667073 0.306160 0.632373
0 0.559008 0.854684 0.106667 0.260949
0 0.635190 0.851630 0.269198 0.296741
0 0.329093 0.798513 0.266793 0.205696
0 0.709483 0.572785 0.443186 0.222848
