0 0.427579 0.076261 0.175995 0.120641
0 0.166990 0.374658 0.131257 0.285726
0 0.106204 0.595299 0.204188 0.123846
0 0.292893 0.617521 0.198351 0.114274
0 0.377448 0.281816 0.116780 0.379359
0 0.469856 0.230214 0.103063 0.155556
0 0.592853 0.525363 0.294607 0.143034
0 0.231649 0.809509 0.202251 0.362094
0 0.422173 0.728632 0.122618 0.288889
0 0.624463 0.705620 0.303377 0.239701
0 0.772736 0.392115 0.175995 0.431752
0 0.892932 0.689038 0.214136 0.295427
0 0.930812 0.504829 0.138377 0.219060
0 0.552029 0.913483 0.222644 0.074744
0 0.895851 0.185769 0.208298 0.200000
0 0.893914 0.311966 0.212173 0.176154
0 0.881270 0.062735 0.237461 0.125470
0 0.594267 0.069081 0.138168 0.138162
0 0.648285 0.184979 0.133220 0.147650
