0 0.221383 0.240500 0.062500 0.114028
0 0.290832 0.266813 0.040383 0.073097
0 0.257563 0.300438 0.037828 0.052625
0 0.194242 0.334799 0.069078 0.042403
0 0.168336 0.393278 0.091281 0.095028
0 0.249340 0.383035 0.054273 0.077486
0 0.262914 0.502194 0.053453 0.137417
0 0.226277 0.526319 0.032977 0.095028
0 0.329523 0.414479 0.048516 0.073097
0 0.390789 0.516813 0.046047 0.114042
0 0.319613 0.639618 0.048602 0.152042
0 0.362418 0.645472 0.051805 0.078944
0 0.451645 0.408625 0.039477 0.070167
0 0.488242 0.531438 0.066609 0.093569
0 0.554441 0.538014 0.036180 0.071639
0 0.548684 0.660090 0.080586 0.163736
0 0.583637 0.713451 0.045227 0.121347
0 0.456129 0.718569 0.055180 0.152056
0 0.406824 0.698097 0.045227 0.122806
0 0.407234 0.595028 0.050984 0.071639
0 0.382566 0.369882 0.075664 0.112569
0 0.556910 0.396931 0.083883 0.140361
0 0.621465 0.470035 0.055102 0.116958
0 0.699176 0.450292 0.054273 0.100889
0 0.709871 0.377194 0.052633 0.051167
0 0.633797 0.332604 0.046875 0.073097
0 0.623520 0.410090 0.032898 0.049708
0 0.680262 0.562861 0.092102 0.162278
0 0.619406 0.554826 0.062500 0.081875
0 0.445066 0.249986 0.072367 0.068750
0 0.395313 0.227340 0.033719 0.052625
0 0.342270 0.244882 0.085523 0.070181
0 0.381332 0.290208 0.038648 0.064333
0 0.462336 0.559208 0.042766 0.087722
0 0.481250 0.614764 0.024672 0.055556
0 0.325824 0.499271 0.064148 0.073097
