0 0.584855 0.229005 0.116960 0.122810
0 0.532220 0.351812 0.140350 0.096495
0 0.373595 0.457075 0.147660 0.134500
0 0.198888 0.575495 0.137425 0.131580
0 0.125058 0.496550 0.130115 0.125730
0 0.914530 0.658100 0.162280 0.112570
0 0.730320 0.726812 0.133040 0.165205
0 0.830468 0.723888 0.073095 0.083335
0 0.808537 0.646402 0.058475 0.083335
0 0.833390 0.560148 0.064320 0.150585
0 0.925495 0.451957 0.125730 0.100875
0 0.858977 0.466580 0.062865 0.080410
0 0.964210 0.508247 0.071580 0.055555
0 0.709122 0.580607 0.175435 0.092115
0 0.612630 0.652253 0.087720 0.097955
0 0.516140 0.695378 0.070180 0.099415
0 0.311462 0.673450 0.099415 0.198830
0 0.389680 0.664678 0.103800 0.122805
0 0.450350 0.588652 0.134500 0.143275
0 0.509560 0.459270 0.103800 0.138890
0 0.685730 0.334998 0.111110 0.106725
0 0.723743 0.280175 0.140355 0.070180
0 0.097280 0.588655 0.097950 0.122810
0 0.045380 0.377398 0.076020 0.159355
0 0.022690 0.492895 0.045380 0.112570
0 0.168187 0.335730 0.122805 0.149120
0 0.297573 0.245088 0.112575 0.070175
0 0.312925 0.339385 0.111110 0.086260
0 0.453275 0.271403 0.140350 0.064325
0 0.404298 0.370818 0.097955 0.078945
0 0.393332 0.193188 0.122805 0.086255
0 0.161607 0.204153 0.182745 0.078945
0 0.220088 0.142017 0.147665 0.092105
0 0.264678 0.093040 0.078945 0.081870
0 0.394795 0.041870 0.204680 0.081870
0 0.197428 0.038947 0.137425 0.064325
0 0.277105 0.028713 0.077490 0.055555
0 0.695962 0.451227 0.157895 0.084795
0 0.634563 0.549180 0.166665 0.093570
0 0.712777 0.581345 0.171055 0.087720
0 0.769065 0.527250 0.081870 0.043860
