0 0.624632 0.503871 0.045102 0.032429
0 0.578921 0.514429 0.068909 0.024000
0 0.529442 0.549700 0.062640 0.055000
0 0.663464 0.586007 0.090178 0.066986
0 0.764924 0.644179 0.092690 0.033843
0 0.726726 0.673086 0.083909 0.055000
0 0.704810 0.625843 0.025051 0.031029
0 0.664721 0.632900 0.035076 0.040886
0 0.609607 0.644886 0.062614 0.067686
0 0.607665 0.782007 0.056497 0.035957
0 0.602716 0.710450 0.041320 0.029614
0 0.559505 0.686129 0.040076 0.040200
0 0.586815 0.760014 0.063883 0.024686
0 0.493109 0.560279 0.040076 0.050757
0 0.514416 0.609279 0.062640 0.043014
0 0.510647 0.653343 0.047589 0.039486
0 0.531320 0.693886 0.028832 0.026086
0 0.471193 0.707629 0.058883 0.035257
0 0.498122 0.727371 0.050102 0.032429
0 0.546345 0.728079 0.051371 0.038071
0 0.339657 0.144300 0.113985 0.043714
0 0.294569 0.206343 0.144061 0.088829
0 0.538832 0.143243 0.091421 0.048657
0 0.340305 0.226436 0.127766 0.019043
0 0.382246 0.246886 0.071396 0.041600
0 0.457411 0.209864 0.053858 0.025386
0 0.525063 0.226079 0.106472 0.109986
0 0.603972 0.232779 0.078909 0.048643
0 0.605850 0.312450 0.120228 0.105043
0 0.443629 0.320557 0.053858 0.035257
0 0.322119 0.340300 0.106472 0.126914
0 0.484353 0.363214 0.080178 0.050057
0 0.545685 0.354736 0.072589 0.055671
0 0.523185 0.451350 0.075152 0.120557
0 0.584556 0.423493 0.057640 0.038071
0 0.606472 0.449943 0.093959 0.050057
0 0.395406 0.437243 0.092690 0.038771
0 0.375990 0.525371 0.083909 0.113514
0 0.447386 0.491536 0.061371 0.027500
0 0.406675 0.604700 0.077665 0.052171
0 0.699797 0.529257 0.087665 0.047943
