0 0.722031 0.779822 0.242604 0.159644
0 0.460938 0.844739 0.205573 0.107011
0 0.428047 0.755261 0.148021 0.089478
0 0.257409 0.759644 0.127474 0.164911
0 0.138151 0.581578 0.152135 0.061400
0 0.249180 0.645611 0.168568 0.063156
0 0.687096 0.686844 0.189141 0.096489
0 0.693255 0.500000 0.168594 0.098244
0 0.742604 0.362278 0.135677 0.135089
0 0.880547 0.433333 0.238906 0.080711
0 0.551393 0.435089 0.115130 0.101756
0 0.475326 0.407894 0.094557 0.061411
0 0.331419 0.481583 0.127474 0.085967
0 0.224505 0.454383 0.135677 0.080700
0 0.115547 0.402628 0.131562 0.121056
0 0.059831 0.516667 0.119661 0.054378
0 0.524661 0.550878 0.242604 0.108778
0 0.419831 0.681578 0.197370 0.054378
0 0.522604 0.353511 0.156250 0.057889
0 0.362253 0.307894 0.148047 0.071922
0 0.298529 0.254383 0.185026 0.108767
0 0.111224 0.271928 0.222448 0.052633
0 0.662422 0.202633 0.378281 0.096489
0 0.592526 0.273683 0.312500 0.073678
