0 0.688988 0.686947 0.346861 0.494159
0 0.735754 0.522472 0.420910 0.179827
0 0.715292 0.365311 0.379986 0.140347
0 0.542840 0.275398 0.148098 0.299704
0 0.352846 0.365311 0.305937 0.122813
0 0.283668 0.463996 0.413125 0.127197
0 0.309001 0.675255 0.413111 0.467839
0 0.060550 0.269546 0.099389 0.235382
0 0.151162 0.317793 0.206563 0.118420
0 0.108288 0.406244 0.136413 0.073099
0 0.058601 0.499817 0.107174 0.236840
0 0.242751 0.165015 0.265014 0.035087
0 0.694830 0.263700 0.097432 0.133048
0 0.678274 0.542941 0.134457 0.133038
0 0.888723 0.253471 0.142255 0.270469
0 0.928288 0.189873 0.143424 0.143272
0 0.707500 0.159169 0.169538 0.084801
0 0.387921 0.151860 0.099375 0.058481
