0 0.913297 0.399209 0.118368 0.146654
0 0.469235 0.527527 0.217082 0.098698
0 0.236176 0.579701 0.183252 0.091649
0 0.105553 0.564204 0.076118 0.085979
0 0.067108 0.635400 0.134216 0.095892
0 0.187307 0.711548 0.113715 0.129730
0 0.068901 0.720709 0.113715 0.084600
0 0.890720 0.641745 0.159769 0.150878
0 0.927841 0.535284 0.143779 0.108582
0 0.753046 0.628351 0.053573 0.035256
0 0.665174 0.645974 0.060141 0.047936
0 0.584826 0.634691 0.102429 0.070501
0 0.770900 0.585338 0.068612 0.057811
0 0.716864 0.468655 0.180437 0.071215
0 0.467359 0.642073 0.196414 0.155776
0 0.376202 0.420362 0.130630 0.070501
0 0.484743 0.424585 0.139075 0.093067
0 0.558040 0.394272 0.060141 0.057821
0 0.617249 0.428467 0.073290 0.147348
0 0.841851 0.297324 0.131568 0.086721
0 0.753515 0.311432 0.088342 0.062748
0 0.788284 0.362898 0.062018 0.058525
0 0.699949 0.343158 0.125938 0.062748
0 0.718747 0.374884 0.077057 0.033144
0 0.436812 0.273356 0.195476 0.090955
0 0.554756 0.272652 0.079871 0.097994
0 0.689614 0.198973 0.097738 0.067686
0 0.648734 0.171128 0.134383 0.119151
0 0.500251 0.133404 0.232121 0.098708
0 0.522333 0.197565 0.178548 0.064870
0 0.804936 0.466823 0.098663 0.123385
0 0.707044 0.552898 0.037584 0.052295
0 0.624814 0.579634 0.097108 0.048177
