0 0.559348 0.212768 0.278808 0.405268
0 0.456164 0.343475 0.116350 0.192991
0 0.792067 0.371540 0.199777 0.315789
0 0.667914 0.446101 0.303203 0.124554
0 0.206983 0.393475 0.408343 0.191235
0 0.433119 0.482939 0.140503 0.082455
0 0.230829 0.632946 0.461657 0.256131
0 0.558250 0.697857 0.197579 0.340357
0 0.829385 0.619784 0.340298 0.184211
0 0.965736 0.760141 0.068529 0.092991
0 0.883408 0.851362 0.233184 0.187723
0 0.283827 0.861012 0.553240 0.200000
0 0.663631 0.870856 0.201974 0.258289
0 0.889655 0.610134 0.215363 0.329821
