0 0.448813 0.354648 0.257406 0.052626
0 0.344562 0.435785 0.208687 0.048242
0 0.130312 0.272773 0.259156 0.093564
0 0.260875 0.148511 0.192906 0.280703
0 0.382562 0.168242 0.163875 0.273388
0 0.526750 0.114883 0.159969 0.222216
0 0.586187 0.269853 0.158031 0.125733
0 0.449875 0.228916 0.060406 0.081864
0 0.858977 0.185785 0.095672 0.118417
0 0.691406 0.185785 0.115156 0.302638
0 0.262820 0.350991 0.177328 0.112579
0 0.866781 0.388271 0.263250 0.087726
0 0.329945 0.552016 0.206734 0.166659
0 0.210211 0.526430 0.169516 0.097948
0 0.559883 0.398511 0.237922 0.140352
0 0.775195 0.167515 0.150234 0.327479
