0 0.788458 0.148394 0.084125 0.296788
0 0.885208 0.279964 0.229583 0.164234
0 0.779438 0.454708 0.292042 0.202117
0 0.900229 0.904179 0.199542 0.191569
0 0.703719 0.810493 0.102146 0.378942
0 0.595573 0.333650 0.294438 0.267372
0 0.719948 0.634708 0.521563 0.410511
0 0.525865 0.771569 0.229521 0.456861
0 0.264479 0.736825 0.350917 0.526350
0 0.175552 0.486277 0.127396 0.324234
0 0.092031 0.610474 0.183854 0.227372
0 0.033698 0.822062 0.067396 0.221058
0 0.086625 0.865219 0.165833 0.269489
0 0.327583 0.965219 0.082917 0.065255
0 0.300542 0.267336 0.288417 0.404234
0 0.484406 0.214708 0.170646 0.425255
0 0.641240 0.150493 0.193479 0.183175
0 0.706729 0.189434 0.086542 0.235803
0 0.363021 0.063139 0.091333 0.126277
0 0.363031 0.153650 0.088937 0.058978
0 0.153313 0.295748 0.205500 0.141058
0 0.265083 0.064179 0.061292 0.124197
