0 0.573100 0.140350 0.161400 0.275433
0 0.693450 0.183158 0.280944 0.208767
0 0.836144 0.210350 0.243511 0.073683
0 0.760233 0.266492 0.152044 0.059650
0 0.875906 0.381404 0.238833 0.068425
0 0.161400 0.279650 0.320467 0.205267
0 0.404678 0.198071 0.245622 0.157892
0 0.472394 0.303333 0.133567 0.056133
0 0.465494 0.162983 0.058478 0.073683
0 0.322806 0.255088 0.077189 0.229825
0 0.392867 0.364737 0.096133 0.056142
0 0.192956 0.417388 0.299467 0.077225
0 0.201050 0.477017 0.339411 0.112283
0 0.455456 0.450521 0.123156 0.059225
0 0.737856 0.329854 0.204933 0.074658
0 0.696489 0.402508 0.135378 0.043717
0 0.652772 0.439525 0.076144 0.105050
0 0.591672 0.393696 0.055456 0.048642
0 0.396139 0.431063 0.042300 0.092358
0 0.459594 0.409912 0.065811 0.089542
0 0.828078 0.470458 0.268489 0.060917
0 0.927011 0.548721 0.145978 0.083758
0 0.838461 0.566063 0.323078 0.184442
0 0.674100 0.576221 0.104911 0.165825
0 0.492478 0.517421 0.168089 0.076992
0 0.511650 0.570296 0.141011 0.033842
0 0.556211 0.594408 0.058667 0.058383
0 0.440583 0.570717 0.077833 0.043150
0 0.371211 0.587642 0.085733 0.024533
0 0.369522 0.802238 0.180311 0.386208
0 0.540089 0.691371 0.258289 0.191275
0 0.264750 0.671879 0.250167 0.162042
0 0.059278 0.560404 0.118556 0.063358
0 0.055217 0.619492 0.110433 0.071883
0 0.076311 0.668225 0.146200 0.154733
0 0.773194 0.760208 0.237167 0.099900
0 0.701722 0.865592 0.162444 0.218083
0 0.546583 0.835746 0.089344 0.243658
0 0.481611 0.798588 0.076356 0.140108
