0 0.461128 0.547968 0.248620 0.764209
0 0.665779 0.164185 0.266883 0.326326
0 0.823101 0.452603 0.261266 0.456837
0 0.834343 0.615766 0.328685 0.248418
0 0.766924 0.796813 0.429821 0.391582
0 0.876437 0.848394 0.247127 0.246326
0 0.829383 0.980511 0.341234 0.038978
0 0.430503 0.904720 0.240195 0.190560
0 0.280917 0.244185 0.241607 0.486326
0 0.422784 0.209453 0.042127 0.210535
0 0.073734 0.186290 0.147468 0.117883
0 0.192419 0.484185 0.235974 0.692652
0 0.065300 0.608394 0.127808 0.549489
0 0.148880 0.897360 0.261266 0.205280
