0 0.521862 0.214729 0.063568 0.045687
0 0.342129 0.161010 0.135378 0.087146
0 0.431491 0.133510 0.083555 0.091375
0 0.449948 0.194005 0.086823 0.043156
0 0.567917 0.142818 0.062396 0.115073
0 0.605417 0.177083 0.065677 0.077000
0 0.690020 0.206271 0.169310 0.044000
0 0.660404 0.182578 0.095286 0.049073
0 0.561061 0.269729 0.105716 0.108292
0 0.421979 0.328948 0.089896 0.052458
0 0.411400 0.390714 0.106810 0.027073
0 0.419336 0.404250 0.105755 0.035542
0 0.462689 0.421594 0.080378 0.036375
0 0.490189 0.381828 0.050768 0.044844
0 0.548301 0.396635 0.091055 0.054146
0 0.569460 0.339099 0.099518 0.049073
