0 0.291366 0.146957 0.289655 0.162867
0 0.603753 0.192078 0.241777 0.095187
0 0.423024 0.143781 0.086180 0.062047
0 0.498428 0.190668 0.141233 0.085305
0 0.577420 0.201242 0.119695 0.150172
0 0.637268 0.256941 0.232202 0.061336
0 0.712672 0.314402 0.225027 0.090242
0 0.724642 0.305945 0.196286 0.149469
0 0.150729 0.178684 0.293236 0.089539
0 0.215962 0.276332 0.201074 0.101523
0 0.313508 0.296426 0.221419 0.081086
0 0.525358 0.335195 0.135252 0.119141
0 0.744397 0.456121 0.238183 0.162164
0 0.886227 0.503359 0.083780 0.119859
0 0.935332 0.503219 0.129337 0.091375
0 0.753369 0.579582 0.167560 0.142867
0 0.584947 0.440008 0.139602 0.139094
0 0.380623 0.418180 0.217347 0.142141
0 0.349602 0.621234 0.182865 0.172594
0 0.322971 0.494832 0.225782 0.039602
0 0.290139 0.412594 0.150119 0.084266
