0 0.424410 0.717520 0.076140 0.105600
0 0.503090 0.625640 0.040620 0.098480
0 0.458370 0.692640 0.081340 0.070040
0 0.284760 0.598220 0.123960 0.096440
0 0.515480 0.487050 0.101520 0.162460
0 0.665230 0.495170 0.090340 0.087300
0 0.679960 0.371820 0.154320 0.080200
0 0.684020 0.282980 0.138080 0.089360
0 0.369020 0.603800 0.063040 0.093400
0 0.589390 0.543400 0.064980 0.084280
0 0.606650 0.599750 0.117780 0.089340
0 0.346230 0.499740 0.084260 0.074120
0 0.445720 0.564720 0.090360 0.055840
0 0.407610 0.414960 0.101620 0.136040
0 0.406090 0.307850 0.039700 0.078180
0 0.373090 0.369280 0.040700 0.123880
0 0.476190 0.238810 0.126900 0.078180
0 0.569590 0.225620 0.078180 0.116760
0 0.541160 0.334760 0.055840 0.056840
0 0.495480 0.402280 0.053800 0.074120
0 0.631520 0.442890 0.057880 0.068020
0 0.532540 0.137800 0.077160 0.056840
0 0.603550 0.133730 0.069140 0.081220
0 0.633500 0.156580 0.086400 0.039600
0 0.687310 0.208860 0.096540 0.050760
