0 0.377613 0.585674 0.176887 0.214904
0 0.487462 0.504533 0.102396 0.081867
0 0.620500 0.524993 0.070925 0.055556
0 0.549745 0.565933 0.044887 0.052637
0 0.669840 0.552044 0.154736 0.048237
0 0.645726 0.622956 0.132208 0.114030
0 0.582415 0.747222 0.158264 0.157881
0 0.520915 0.676319 0.098811 0.121348
0 0.492019 0.606141 0.093283 0.074563
0 0.436255 0.691667 0.063302 0.076015
0 0.447340 0.760385 0.082113 0.046785
0 0.356104 0.726022 0.126811 0.109644
0 0.380302 0.788156 0.104453 0.067244
0 0.276962 0.807163 0.132377 0.119896
0 0.182934 0.696778 0.100736 0.130119
0 0.107623 0.664615 0.150830 0.109644
0 0.186755 0.611985 0.063321 0.042400
0 0.260302 0.614185 0.042830 0.032163
0 0.214679 0.552778 0.081925 0.090652
0 0.243547 0.695319 0.065170 0.059941
0 0.575906 0.389763 0.134075 0.150578
0 0.701585 0.364185 0.147094 0.134504
0 0.758283 0.461407 0.249698 0.086252
0 0.823547 0.244296 0.134075 0.102341
0 0.743481 0.233333 0.052132 0.068711
0 0.706245 0.192400 0.044679 0.095022
0 0.635491 0.181430 0.093094 0.105259
0 0.661557 0.236985 0.096811 0.061407
0 0.370066 0.314474 0.184509 0.140356
0 0.278830 0.462133 0.132377 0.128652
0 0.270538 0.303504 0.171302 0.092104
0 0.515396 0.285230 0.102415 0.046785
0 0.383189 0.173393 0.150830 0.089185
0 0.547981 0.155119 0.167585 0.096489
0 0.533075 0.209207 0.108000 0.070178
0 0.457670 0.415356 0.057717 0.061407
