0 0.649653 0.463074 0.079380 0.062278
0 0.826532 0.644042 0.054639 0.078731
0 0.791866 0.578819 0.075787 0.039954
0 0.664954 0.560315 0.086370 0.100463
0 0.552597 0.430981 0.055083 0.098944
0 0.549542 0.489634 0.095880 0.055083
0 0.485227 0.408375 0.108583 0.066269
0 0.427412 0.379472 0.149472 0.039481
0 0.648657 0.157306 0.050759 0.086722
0 0.727269 0.224995 0.119148 0.052880
0 0.548894 0.171412 0.141713 0.090954
0 0.781259 0.312667 0.108759 0.103407
0 0.816218 0.370542 0.089361 0.046417
0 0.831495 0.421657 0.083491 0.066389
0 0.762194 0.435463 0.068148 0.083426
0 0.784199 0.505968 0.079380 0.105750
0 0.650856 0.371713 0.119269 0.060519
0 0.661431 0.328824 0.075787 0.064037
0 0.712250 0.309144 0.082259 0.042306
0 0.605583 0.316486 0.106407 0.062861
0 0.476940 0.266546 0.111046 0.107519
0 0.523065 0.315310 0.064630 0.062861
0 0.451653 0.357611 0.116880 0.049944
0 0.418454 0.318542 0.115222 0.078731
0 0.310375 0.297977 0.104583 0.111639
0 0.229880 0.367616 0.159815 0.076991
0 0.252764 0.463370 0.122269 0.109870
0 0.367042 0.460727 0.087602 0.099880
0 0.349713 0.575884 0.084667 0.075213
0 0.432551 0.525356 0.106991 0.081083
0 0.572093 0.553852 0.060574 0.073444
0 0.491602 0.581463 0.066444 0.086370
0 0.554472 0.626412 0.088778 0.128083
0 0.607338 0.590282 0.035880 0.087546
0 0.671986 0.668440 0.072306 0.148676
0 0.763370 0.634639 0.071685 0.097537
0 0.501032 0.652264 0.046417 0.082250
