0 0.657379 0.522421 0.187133 0.097951
0 0.464396 0.594059 0.183237 0.135965
0 0.523851 0.457362 0.107212 0.137428
0 0.447829 0.322860 0.181286 0.207604
0 0.302603 0.477831 0.148148 0.125732
0 0.206113 0.602099 0.189084 0.125732
0 0.364006 0.661310 0.173489 0.153507
0 0.215860 0.716135 0.134504 0.192984
0 0.285060 0.902537 0.148148 0.133041
0 0.403968 0.862333 0.159841 0.152046
0 0.546268 0.640110 0.128654 0.181287
0 0.645683 0.625491 0.085771 0.128656
0 0.945650 0.208824 0.108700 0.084797
0 0.879602 0.187625 0.113059 0.045320
0 0.849388 0.393766 0.064325 0.062865
0 0.566736 0.229292 0.161792 0.122805
0 0.427361 0.208093 0.148148 0.089182
0 0.303578 0.374029 0.111111 0.087721
0 0.152505 0.409117 0.152047 0.111111
0 0.114496 0.528269 0.157894 0.133041
0 0.099874 0.262918 0.191032 0.198832
0 0.286035 0.219059 0.087718 0.058480
0 0.411764 0.458093 0.077973 0.095030
