0 0.932017 0.349117 0.135967 0.156433
0 0.866233 0.358625 0.074567 0.163750
0 0.794517 0.282600 0.156567 0.105267
0 0.645392 0.271642 0.282317 0.121350
0 0.578142 0.197075 0.182883 0.162283
0 0.448833 0.194883 0.122800 0.134500
0 0.371350 0.224850 0.248533 0.103800
0 0.604533 0.579383 0.133033 0.257300
0 0.776975 0.669283 0.270617 0.130100
0 0.780633 0.778950 0.266233 0.173967
0 0.725800 0.835967 0.162433 0.217833
0 0.610383 0.785533 0.080400 0.187133
0 0.510892 0.750442 0.244283 0.119883
0 0.317250 0.661983 0.131567 0.115500
0 0.357383 0.570617 0.177033 0.096500
0 0.241233 0.561842 0.134500 0.105250
0 0.161542 0.604975 0.203217 0.077483
0 0.143275 0.700000 0.277783 0.112567
0 0.221417 0.819883 0.147800 0.241233
0 0.343567 0.819150 0.122800 0.207600
0 0.434942 0.771642 0.150583 0.153517
0 0.516742 0.860092 0.112717 0.160817
0 0.432675 0.475583 0.152183 0.105267
0 0.450950 0.507025 0.089333 0.057017
0 0.616158 0.477050 0.177050 0.166667
0 0.792392 0.527492 0.192983 0.130117
0 0.722958 0.536992 0.097950 0.192983
0 0.617617 0.348392 0.182900 0.067250
0 0.525583 0.406142 0.115500 0.074550
0 0.391733 0.430267 0.128800 0.114033
0 0.374200 0.332308 0.140500 0.119883
0 0.469292 0.329383 0.067250 0.055567
0 0.470942 0.044000 0.048417 0.082100
0 0.544525 0.094525 0.132850 0.052617
0 0.433917 0.087183 0.080400 0.081633
0 0.326100 0.121908 0.108433 0.080417
0 0.510667 0.150533 0.051167 0.076767
0 0.557517 0.065250 0.140233 0.079200
