0 0.569793 0.638355 0.049711 0.055555
0 0.553707 0.598883 0.032164 0.017547
0 0.531051 0.612043 0.021930 0.020461
0 0.531047 0.582070 0.027781 0.027781
0 0.554441 0.523590 0.080414 0.086258
0 0.601957 0.514086 0.049711 0.043859
0 0.457219 0.546254 0.099422 0.076023
0 0.349766 0.471691 0.162281 0.105258
0 0.659703 0.465844 0.229531 0.043859
0 0.510578 0.152980 0.057016 0.052633
0 0.632656 0.217309 0.157891 0.052633
0 0.435289 0.222422 0.149125 0.059937
0 0.405316 0.280172 0.092102 0.055563
0 0.362187 0.351078 0.114031 0.054094
0 0.466723 0.316719 0.036555 0.043859
0 0.596840 0.283098 0.065789 0.096492
0 0.596105 0.372277 0.093570 0.052633
0 0.543477 0.368613 0.061406 0.097930
0 0.485727 0.444645 0.062859 0.039477
0 0.474031 0.486313 0.071641 0.035094
0 0.444414 0.436094 0.061344 0.056406
0 0.480371 0.363121 0.059930 0.044414
0 0.556871 0.260891 0.054992 0.035953
0 0.550176 0.206250 0.054289 0.055000
0 0.498703 0.200609 0.051469 0.064859
