0 0.373625 0.203550 0.229233 0.129825
0 0.623921 0.152675 0.149708 0.164913
0 0.618071 0.228113 0.217542 0.154388
0 0.895263 0.397413 0.205842 0.180700
0 0.731521 0.383903 0.177775 0.171231
0 0.763100 0.473378 0.240933 0.087719
0 0.221579 0.326884 0.280708 0.163156
0 0.470700 0.110569 0.161400 0.185963
0 0.262517 0.254078 0.254967 0.147369
0 0.448479 0.366359 0.210525 0.126319
0 0.278888 0.419869 0.189475 0.159650
0 0.746725 0.694428 0.278367 0.133331
0 0.771283 0.781275 0.299417 0.064913
0 0.579475 0.753203 0.154383 0.173681
0 0.268363 0.558466 0.149708 0.114031
0 0.366608 0.599694 0.121633 0.056137
0 0.192337 0.558466 0.208192 0.128069
0 0.227429 0.700569 0.081875 0.110525
0 0.205208 0.767237 0.126317 0.033337
0 0.351400 0.814606 0.133333 0.075438
0 0.364271 0.733903 0.070175 0.033331
0 0.401696 0.713728 0.065492 0.073681
0 0.449650 0.816359 0.123983 0.082456
0 0.324504 0.794431 0.112275 0.091225
0 0.096433 0.832150 0.142683 0.100000
0 0.184154 0.834781 0.051458 0.080700
0 0.287075 0.875131 0.168417 0.140350
0 0.422750 0.539166 0.126317 0.156144
0 0.599354 0.613728 0.203508 0.101756
