0 0.452031 0.414531 0.057188 0.039509
0 0.372433 0.355335 0.064330 0.040938
0 0.308103 0.325357 0.146205 0.062857
0 0.401674 0.269062 0.064330 0.143304
0 0.517879 0.164531 0.115491 0.100848
0 0.596830 0.135290 0.074554 0.147634
0 0.502545 0.240558 0.131607 0.068705
0 0.710871 0.282969 0.165223 0.083348
0 0.643549 0.177701 0.086384 0.080402
0 0.701295 0.543192 0.149286 0.083348
0 0.559487 0.691585 0.061562 0.111116
0 0.603348 0.620670 0.067411 0.027768
0 0.493705 0.694487 0.038125 0.052634
0 0.446183 0.682812 0.074688 0.078929
0 0.505469 0.639665 0.052634 0.036562
0 0.441808 0.637478 0.068884 0.029241
0 0.392076 0.617746 0.112723 0.059955
0 0.425737 0.567299 0.042545 0.040938
0 0.324107 0.557813 0.152232 0.071607
0 0.413281 0.497121 0.096652 0.099420
0 0.549978 0.569487 0.121473 0.068705
0 0.592455 0.496406 0.115536 0.100848
0 0.610647 0.407232 0.058616 0.042411
0 0.528862 0.432076 0.067277 0.027813
0 0.539085 0.413795 0.061384 0.038036
0 0.561808 0.361897 0.095134 0.103795
0 0.489308 0.316585 0.120045 0.071652
