0 0.343041 0.461145 0.052627 0.120000
0 0.540814 0.134850 0.229645 0.212664
0 0.414618 0.152727 0.149473 0.235782
0 0.308305 0.187464 0.252627 0.170527
0 0.280832 0.281150 0.134955 0.113682
0 0.131464 0.199041 0.202109 0.273682
0 0.174623 0.391673 0.166318 0.141055
0 0.228309 0.510623 0.181055 0.134736
0 0.224095 0.662200 0.101045 0.160000
0 0.236727 0.775886 0.067364 0.092627
0 0.319782 0.846409 0.103364 0.157891
0 0.601991 0.802200 0.086309 0.132636
0 0.899777 0.555886 0.139155 0.128427
0 0.894514 0.653673 0.149682 0.126527
0 0.386095 0.503255 0.088627 0.082109
0 0.777673 0.814832 0.236000 0.124209
0 0.716727 0.333777 0.160000 0.185264
0 0.775568 0.460095 0.147573 0.063155
0 0.629359 0.510623 0.103155 0.168427
0 0.527255 0.397986 0.113691 0.145264
0 0.440832 0.427464 0.143373 0.124218
0 0.520936 0.568518 0.223164 0.149473
0 0.388305 0.611673 0.075791 0.071582
0 0.430409 0.747464 0.109473 0.136836
0 0.563041 0.732727 0.092627 0.094745
0 0.400936 0.349568 0.092636 0.103155
0 0.561886 0.182200 0.124427 0.088418
0 0.626095 0.236936 0.151791 0.096836
0 0.722941 0.620095 0.109682 0.058955
0 0.677673 0.693782 0.094945 0.130527
0 0.619782 0.615886 0.076000 0.088427
0 0.757777 0.542200 0.124209 0.147364
0 0.806200 0.631673 0.077891 0.098945
0 0.324095 0.657991 0.082100 0.126309
