0 0.728230 0.238867 0.177673 0.087147
0 0.723577 0.395813 0.134527 0.128600
0 0.587317 0.402580 0.104153 0.130293
0 0.472253 0.363663 0.137987 0.137060
0 0.319540 0.390737 0.052547 0.160753
0 0.275970 0.410617 0.065233 0.222513
0 0.201093 0.349703 0.084693 0.241127
0 0.234933 0.189797 0.121920 0.097300
0 0.273050 0.136917 0.137060 0.099833
0 0.322500 0.235060 0.066920 0.094760
0 0.367383 0.212640 0.071913 0.100680
0 0.413920 0.095040 0.139600 0.066840
0 0.473947 0.171183 0.121067 0.105753
0 0.568743 0.218563 0.129447 0.168367
0 0.635160 0.301900 0.076147 0.098147
0 0.519633 0.323897 0.094000 0.125220
0 0.468023 0.360700 0.124460 0.136213
0 0.455377 0.308670 0.056687 0.118447
0 0.390650 0.393273 0.099833 0.147213
0 0.410533 0.256637 0.098987 0.095607
